2147766055 5 21 77 265 1065 4161 16497 65825 262625 1049601 4196417 16781185 67117185 268451841 1073774337 4295033345 17179999745 68719738881 274883412993
2147768420 7 25 73 281 1057 4177 16513 65825 262657 1049665 4196353 16781441 67117057 268452097 1073774593 4295033345 17180000257 68719739905 274873450497
2147803955 7 25 73 281 1057 4177 16513 65825 262657 1049665 4196353 16781441 67117057 268452097 1073774593 4295033345 17180000257 68719739905 274873450497
2147830531 7 25 73 281 1057 4177 16513 65825 262657 1049665 4196353 16781441 67117057 268452097 1073774593 4295033345 17180000257 68719739905 274873450497
2147840329 7 25 73 281 1057 4177 16513 65825 262657 1049665 4196353 16781441 67117057 268452097 1073774593 4295033345 17180000257 68719739905 274873450497
2148288735 7 25 73 281 1057 4177 16513 65825 262657 1049665 4196353 16781441 67117057 268452097 1073774593 4295033345 17180000257 68719739905 274873450497
2148293749 7 25 73 281 1057 4177 16513 65825 262657 1049665 4196353 16781441 67117057 268452097 1073774593 4295033345 17180000257 68719739905 274873450497
2148296879 7 25 73 281 1057 4177 16513 65825 262657 1049665 4196353 16781441 67117057 268452097 1073774593 4295033345 17180000257 68719739905 274873450497
2148302373 7 25 73 281 1057 4177 16513 65825 262657 1049665 4196353 16781441 67117057 268452097 1073774593 4295033345 17180000257 68719739905 274873450497
2148302594 5 21 77 265 1065 4161 16497 65825 262625 1049601 4196417 16781185 67117185 268451841 1073774337 4295033345 17179999745 68719738881 274883412993
2148813198 6 26 66 290 1026 4226 16386 66050 262146 1050626 4194306 16785410 67108866 268468226 1073741826 4295098370 17179869186 68720001026 274882887682
2148813898 8 18 68 274 1068 4170 16500 65762 262652 1049658 4196420 16781266 67116876 268451754 1073774868 4295033282 17180000156 68719737882 274883411172
2148814131 6 26 66 290 1026 4226 16386 66050 262146 1050626 4194306 16785410 67108866 268468226 1073741826 4295098370 17179869186 68720001026 274882887682
2148814571 6 26 66 290 1026 4226 16386 66050 262146 1050626 4194306 16785410 67108866 268468226 1073741826 4295098370 17179869186 68720001026 274872926210
2148817171 6 26 66 290 1026 4226 16386 66050 262146 1050626 4194306 16785410 67108866 268468226 1073741826 4295098370 17179869186 68720001026 274882887682
2148817200 6 26 66 290 1026 4226 16386 66050 262146 1050626 4194306 16785410 67108866 268468226 1073741826 4295098370 17179869186 68720001026 274882887682
2148817750 6 26 66 290 1026 4226 16386 66050 262146 1050626 4194306 16785410 67108866 268468226 1073741826 4295098370 17179869186 68720001026 274872926210
2148817805 6 26 66 290 1026 4226 16386 66050 262146 1050626 4194306 16785410 67108866 268468226 1073741826 4295098370 17179869186 68720001026 274882887682
2148819489 6 26 66 290 1026 4226 16386 66050 262146 1050626 4194306 16785410 67108866 268468226 1073741826 4295098370 17179869186 68720001026 274882887682
2148848934 6 26 66 290 1026 4226 16386 66050 262146 1050626 4194306 16785410 67108866 268468226 1073741826 4295098370 17179869186 68720001026 274882887682
2148854817 6 26 66 290 1026 4226 16386 66050 262146 1050626 4194306 16785410 67108866 268468226 1073741826 4295098370 17179869186 68720001026 274882887682
2149601246 5 21 77 265 1065 4161 16497 65825 262625 1049601 4196417 16781185 67117185 268451841 1073774337 4295033345 17179999745 68719738881 274883412993
2149601464 7 25 73 281 1057 4177 16513 65825 262657 1049665 4196353 16781441 67117057 268452097 1073774593 4295033345 17180000257 68719739905 274873450497
2149609625 5 21 77 265 1065 4161 16497 65825 262625 1049601 4196417 16781185 67117185 268451841 1073774337 4295033345 17179999745 68719738881 274883412993
2149610429 5 21 77 265 1065 4161 16497 65825 262625 1049601 4196417 16781185 67117185 268451841 1073774337 4295033345 17179999745 68719738881 274883412993
2149611961 7 25 73 281 1057 4177 16513 65825 262657 1049665 4196353 16781441 67117057 268452097 1073774593 4295033345 17180000257 68719739905 274873450497
2149613300 5 21 77 265 1065 4161 16497 65825 262625 1049601 4196417 16781185 67117185 268451841 1073774337 4295033345 17179999745 68719738881 274883412993
2149664982 5 21 77 265 1065 4161 16497 65825 262625 1049601 4196417 16781185 67117185 268451841 1073774337 4295033345 17179999745 68719738881 274883412993
2149698652 5 21 77 265 1065 4161 16497 65825 262625 1049601 4196417 16781185 67117185 268451841 1073774337 4295033345 17179999745 68719738881 274883412993
2149701046 5 21 77 265 1065 4161 16497 65825 262625 1049601 4196417 16781185 67117185 268451841 1073774337 4295033345 17179999745 68719738881 274883412993
2149705522 7 25 73 281 1057 4177 16513 65825 262657 1049665 4196353 16781441 67117057 268452097 1073774593 4295033345 17180000257 68719739905 274873450497
2150657298 6 26 66 290 1026 4226 16386 66050 262146 1050626 4194306 16785410 67108866 268468226 1073741826 4295098370 17179869186 68720001026 274882887682
2150715259 6 26 66 290 1026 4226 16386 66050 262146 1050626 4194306 16785410 67108866 268468226 1073741826 4295098370 17179869186 68720001026 274882887682
2150727231 6 26 66 290 1026 4226 16386 66050 262146 1050626 4194306 16785410 67108866 268468226 1073741826 4295098370 17179869186 68720001026 274882887682
2151246013 6 26 66 290 1026 4226 16386 66050 262146 1050626 4194306 16785410 67108866 268468226 1073741826 4295098370 17179869186 68720001026 274882887682
2151958376 5 21 77 265 1065 4161 16497 65825 262625 1049601 4196417 16781185 67117185 268451841 1073774337 4295033345 17179999745 68719738881 274883412993
2151959109 7 25 73 281 1057 4177 16513 65825 262657 1049665 4196353 16781441 67117057 268452097 1073774593 4295033345 17180000257 68719739905 274873450497
2151961645 7 25 73 281 1057 4177 16513 65825 262657 1049665 4196353 16781441 67117057 268452097 1073774593 4295033345 17180000257 68719739905 274873450497
2151963501 5 21 77 265 1065 4161 16497 65825 262625 1049601 4196417 16781185 67117185 268451841 1073774337 4295033345 17179999745 68719738881 274883412993
2151963793 7 25 73 281 1057 4177 16513 65825 262657 1049665 4196353 16781441 67117057 268452097 1073774593 4295033345 17180000257 68719739905 274873450497
2151964231 7 25 73 281 1057 4177 16513 65825 262657 1049665 4196353 16781441 67117057 268452097 1073774593 4295033345 17180000257 68719739905 274873450497
2151964789 5 21 77 265 1065 4161 16497 65825 262625 1049601 4196417 16781185 67117185 268451841 1073774337 4295033345 17179999745 68719738881 274883412993
2151967566 7 25 73 281 1057 4177 16513 65825 262657 1049665 4196353 16781441 67117057 268452097 1073774593 4295033345 17180000257 68719739905 274873450497
2151968139 7 25 73 281 1057 4177 16513 65825 262657 1049665 4196353 16781441 67117057 268452097 1073774593 4295033345 17180000257 68719739905 274873450497
2151970239 7 25 73 281 1057 4177 16513 65825 262657 1049665 4196353 16781441 67117057 268452097 1073774593 4295033345 17180000257 68719739905 274873450497
2151971747 7 25 73 281 1057 4177 16513 65825 262657 1049665 4196353 16781441 67117057 268452097 1073774593 4295033345 17180000257 68719739905 274873450497
2152483331 7 25 73 281 1057 4177 16513 65825 262657 1049665 4196353 16781441 67117057 268452097 1073774593 4295033345 17180000257 68719739905 274873450497
2152488094 7 25 73 281 1057 4177 16513 65825 262657 1049665 4196353 16781441 67117057 268452097 1073774593 4295033345 17180000257 68719739905 274873450497
2152491358 7 25 73 281 1057 4177 16513 65825 262657 1049665 4196353 16781441 67117057 268452097 1073774593 4295033345 17180000257 68719739905 274873450497
2152495537 7 25 73 281 1057 4177 16513 65825 262657 1049665 4196353 16781441 67117057 268452097 1073774593 4295033345 17180000257 68719739905 274873450497
2152548393 7 25 73 281 1057 4177 16513 65825 262657 1049665 4196353 16781441 67117057 268452097 1073774593 4295033345 17180000257 68719739905 274873450497
2153040717 6 26 66 290 1026 4226 16386 66050 262146 1050626 4194306 16785410 67108866 268468226 1073741826 4295098370 17179869186 68720001026 274882887682
2153046627 6 26 66 290 1026 4226 16386 66050 262146 1050626 4194306 16785410 67108866 268468226 1073741826 4295098370 17179869186 68720001026 274882887682
2153051407 6 26 66 290 1026 4226 16386 66050 262146 1050626 4194306 16785410 67108866 268468226 1073741826 4295098370 17179869186 68720001026 274882887682
2153139851 6 26 66 290 1026 4226 16386 66050 262146 1050626 4194306 16785410 67108866 268468226 1073741826 4295098370 17179869186 68720001026 274882887682
2153140167 6 26 66 290 1026 4226 16386 66050 262146 1050626 4194306 16785410 67108866 268468226 1073741826 4295098370 17179869186 68720001026 274882887682
2153142553 6 26 66 290 1026 4226 16386 66050 262146 1050626 4194306 16785410 67108866 268468226 1073741826 4295098370 17179869186 68720001026 274882887682
2153149525 6 26 66 290 1026 4226 16386 66050 262146 1050626 4194306 16785410 67108866 268468226 1073741826 4295098370 17179869186 68720001026 274882887682
2153173707 6 26 66 290 1026 4226 16386 66050 262146 1050626 4194306 16785410 67108866 268468226 1073741826 4295098370 17179869186 68720001026 274882887682
2153792415 5 21 77 265 1065 4161 16497 65825 262625 1049601 4196417 16781185 67117185 268451841 1073774337 4295033345 17179999745 68719738881 274883412993
2153794173 7 25 73 281 1057 4177 16513 65825 262657 1049665 4196353 16781441 67117057 268452097 1073774593 4295033345 17180000257 68719739905 274873450497
2153800538 7 25 73 281 1057 4177 16513 65825 262657 1049665 4196353 16781441 67117057 268452097 1073774593 4295033345 17180000257 68719739905 274873450497
2153804701 7 25 73 281 1057 4177 16513 65825 262657 1049665 4196353 16781441 67117057 268452097 1073774593 4295033345 17180000257 68719739905 274873450497
2153804859 7 25 73 281 1057 4177 16513 65825 262657 1049665 4196353 16781441 67117057 268452097 1073774593 4295033345 17180000257 68719739905 274873450497
2153806006 5 21 77 265 1065 4161 16497 65825 262625 1049601 4196417 16781185 67117185 268451841 1073774337 4295033345 17179999745 68719738881 274883412993
2153806395 5 21 77 265 1065 4161 16497 65825 262625 1049601 4196417 16781185 67117185 268451841 1073774337 4295033345 17179999745 68719738881 274883412993
2153858965 5 21 77 265 1065 4161 16497 65825 262625 1049601 4196417 16781185 67117185 268451841 1073774337 4295033345 17179999745 68719738881 274883412993
2153859641 5 21 77 265 1065 4161 16497 65825 262625 1049601 4196417 16781185 67117185 268451841 1073774337 4295033345 17179999745 68719738881 274883412993
2153892278 7 25 73 281 1057 4177 16513 65825 262657 1049665 4196353 16781441 67117057 268452097 1073774593 4295033345 17180000257 68719739905 274873450497
2153901819 5 21 77 265 1065 4161 16497 65825 262625 1049601 4196417 16781185 67117185 268451841 1073774337 4295033345 17179999745 68719738881 274883412993
2153902365 5 21 77 265 1065 4161 16497 65825 262625 1049601 4196417 16781185 67117185 268451841 1073774337 4295033345 17179999745 68719738881 274883412993
2154842137 6 26 66 290 1026 4226 16386 66050 262146 1050626 4194306 16785410 67108866 268468226 1073741826 4295098370 17179869186 68720001026 274882887682
2154876785 6 26 66 290 1026 4226 16386 66050 262146 1050626 4194306 16785410 67108866 268468226 1073741826 4295098370 17179869186 68720001026 274882887682
2154906875 6 26 66 290 1026 4226 16386 66050 262146 1050626 4194306 16785410 67108866 268468226 1073741826 4295098370 17179869186 68720001026 274882887682
2154912191 6 26 66 290 1026 4226 16386 66050 262146 1050626 4194306 16785410 67108866 268468226 1073741826 4295098370 17179869186 68720001026 274882887682
2154915923 6 26 66 290 1026 4226 16386 66050 262146 1050626 4194306 16785410 67108866 268468226 1073741826 4295098370 17179869186 68720001026 274882887682
2155368026 6 26 66 290 1026 4226 16386 66050 262146 1050626 4194306 16785410 67108866 268468226 1073741826 4295098370 17179869186 68720001026 274882887682
2155373116 6 26 66 290 1026 4226 16386 66050 262146 1050626 4194306 16785410 67108866 268468226 1073741826 4295098370 17179869186 68720001026 274882887682
2155376019 6 26 66 290 1026 4226 16386 66050 262146 1050626 4194306 16785410 67108866 268468226 1073741826 4295098370 17179869186 68720001026 274882887682
2155406096 6 26 66 290 1026 4226 16386 66050 262146 1050626 4194306 16785410 67108866 268468226 1073741826 4295098370 17179869186 68720001026 274872926210
2155407545 4 26 64 290 1024 4226 16384 66050 262144 1050626 4194304 16785410 67108864 268468226 1073741824 4295098370 17179869184 68720001026 274882887680
2155434133 6 26 66 290 1026 4226 16386 66050 262146 1050626 4194306 16785410 67108866 268468226 1073741826 4295098370 17179869186 68720001026 274882887682
2155438079 6 26 66 290 1026 4226 16386 66050 262146 1050626 4194306 16785410 67108866 268468226 1073741826 4295098370 17179869186 68720001026 274882887682
2155440566 4 26 64 290 1024 4226 16384 66050 262144 1050626 4194304 16785410 67108864 268468226 1073741824 4295098370 17179869184 68720001026 274882887680
2155441853 6 26 66 290 1026 4226 16386 66050 262146 1050626 4194306 16785410 67108866 268468226 1073741826 4295098370 17179869186 68720001026 274882887682
2155444181 4 26 64 290 1024 4226 16384 66050 262144 1050626 4194304 16785410 67108864 268468226 1073741824 4295098370 17179869184 68720001026 274882887680
2157987702 5 21 77 265 1065 4161 16497 65825 262625 1049601 4196417 16781185 67117185 268451841 1073774337 4295033345 17179999745 68719738881 274883412993
2158086066 5 21 77 265 1065 4161 16497 65825 262625 1049601 4196417 16781185 67117185 268451841 1073774337 4295033345 17179999745 68719738881 274883412993
2158096915 5 21 77 265 1065 4161 16497 65825 262625 1049601 4196417 16781185 67117185 268451841 1073774337 4295033345 17179999745 68719738881 274883412993
2158261678 7 25 73 281 1057 4177 16513 65825 262657 1049665 4196353 16781441 67117057 268452097 1073774593 4295033345 17180000257 68719739905 274873450497
2158287566 7 25 73 281 1057 4177 16513 65825 262657 1049665 4196353 16781441 67117057 268452097 1073774593 4295033345 17180000257 68719739905 274873450497
2158322600 7 25 73 281 1057 4177 16513 65825 262657 1049665 4196353 16781441 67117057 268452097 1073774593 4295033345 17180000257 68719739905 274873450497
2158346317 5 21 77 265 1065 4161 16497 65825 262625 1049601 4196417 16781185 67117185 268451841 1073774337 4295033345 17179999745 68719738881 274883412993
2158350471 5 21 77 265 1065 4161 16497 65825 262625 1049601 4196417 16781185 67117185 268451841 1073774337 4295033345 17179999745 68719738881 274883412993
2158778381 5 21 77 265 1065 4161 16497 65825 262625 1049601 4196417 16781185 67117185 268451841 1073774337 4295033345 17179999745 68719738881 274883412993
2158779105 5 21 77 265 1065 4161 16497 65825 262625 1049601 4196417 16781185 67117185 268451841 1073774337 4295033345 17179999745 68719738881 274883412993
2158779187 5 21 77 265 1065 4161 16497 65825 262625 1049601 4196417 16781185 67117185 268451841 1073774337 4295033345 17179999745 68719738881 274883412993
2158783301 7 25 73 281 1057 4177 16513 65825 262657 1049665 4196353 16781441 67117057 268452097 1073774593 4295033345 17180000257 68719739905 274873450497
2158784383 7 25 73 281 1057 4177 16513 65825 262657 1049665 4196353 16781441 67117057 268452097 1073774593 4295033345 17180000257 68719739905 274873450497
2158785867 5 21 77 265 1065 4161 16497 65825 262625 1049601 4196417 16781185 67117185 268451841 1073774337 4295033345 17179999745 68719738881 274883412993
2158814959 5 21 77 265 1065 4161 16497 65825 262625 1049601 4196417 16781185 67117185 268451841 1073774337 4295033345 17179999745 68719738881 274883412993
2159036989 6 26 66 290 1026 4226 16386 66050 262146 1050626 4194306 16785410 67108866 268468226 1073741826 4295098370 17179869186 68720001026 274882887682
2159301310 8 18 68 274 1068 4170 16500 65762 262652 1049658 4196420 16781266 67116876 268451754 1073774868 4295033282 17180000156 68719737882 274883411172
2159305582 6 26 66 290 1026 4226 16386 66050 262146 1050626 4194306 16785410 67108866 268468226 1073741826 4295098370 17179869186 68720001026 274882887682
2159305965 6 26 66 290 1026 4226 16386 66050 262146 1050626 4194306 16785410 67108866 268468226 1073741826 4295098370 17179869186 68720001026 274882887682
2159331595 8 18 68 274 1068 4170 16500 65762 262652 1049658 4196420 16781266 67116876 268451754 1073774868 4295033282 17180000156 68719737882 274883411172
2159342433 6 26 66 290 1026 4226 16386 66050 262146 1050626 4194306 16785410 67108866 268468226 1073741826 4295098370 17179869186 68720001026 274882887682
2159366458 6 26 66 290 1026 4226 16386 66050 262146 1050626 4194306 16785410 67108866 268468226 1073741826 4295098370 17179869186 68720001026 274882887682
2159374547 8 18 68 274 1068 4170 16500 65762 262652 1049658 4196420 16781266 67116876 268451754 1073774868 4295033282 17180000156 68719737882 274883411172
2159399900 6 26 66 290 1026 4226 16386 66050 262146 1050626 4194306 16785410 67108866 268468226 1073741826 4295098370 17179869186 68720001026 274882887682
2159401028 8 18 68 274 1068 4170 16500 65762 262652 1049658 4196420 16781266 67116876 268451754 1073774868 4295033282 17180000156 68719737882 274883411172
2159408835 8 18 68 274 1068 4170 16500 65762 262652 1049658 4196420 16781266 67116876 268451754 1073774868 4295033282 17180000156 68719737882 274883411172
2159824111 8 18 68 274 1068 4170 16500 65762 262652 1049658 4196420 16781266 67116876 268451754 1073774868 4295033282 17180000156 68719737882 274883411172
2159836110 4 26 64 290 1024 4226 16384 66050 262144 1050626 4194304 16785410 67108864 268468226 1073741824 4295098370 17179869184 68720001026 274882887680
2159858741 6 26 66 290 1026 4226 16386 66050 262146 1050626 4194306 16785410 67108866 268468226 1073741826 4295098370 17179869186 68720001026 274882887682
2159864530 8 18 68 274 1068 4170 16500 65762 262652 1049658 4196420 16781266 67116876 268451754 1073774868 4295033282 17180000156 68719737882 274883411172
2159866584 8 18 68 274 1068 4170 16500 65762 262652 1049658 4196420 16781266 67116876 268451754 1073774868 4295033282 17180000156 68719737882 274883411172
2159867434 8 18 68 274 1068 4170 16500 65762 262652 1049658 4196420 16781266 67116876 268451754 1073774868 4295033282 17180000156 68719737882 274883411172
2166622453 7 25 73 281 1057 4177 16513 65825 262657 1049665 4196353 16781441 67117057 268452097 1073774593 4295033345 17180000257 68719739905 274873450497
2166634195 5 21 77 265 1065 4161 16497 65825 262625 1049601 4196417 16781185 67117185 268451841 1073774337 4295033345 17179999745 68719738881 274883412993
2166654907 7 25 73 281 1057 4177 16513 65825 262657 1049665 4196353 16781441 67117057 268452097 1073774593 4295033345 17180000257 68719739905 274873450497
2166655133 7 25 73 281 1057 4177 16513 65825 262657 1049665 4196353 16781441 67117057 268452097 1073774593 4295033345 17180000257 68719739905 274873450497
2166687175 7 25 73 281 1057 4177 16513 65825 262657 1049665 4196353 16781441 67117057 268452097 1073774593 4295033345 17180000257 68719739905 274873450497
2166687823 7 25 73 281 1057 4177 16513 65825 262657 1049665 4196353 16781441 67117057 268452097 1073774593 4295033345 17180000257 68719739905 274873450497
2166690596 7 25 73 281 1057 4177 16513 65825 262657 1049665 4196353 16781441 67117057 268452097 1073774593 4295033345 17180000257 68719739905 274873450497
2166697330 7 25 73 281 1057 4177 16513 65825 262657 1049665 4196353 16781441 67117057 268452097 1073774593 4295033345 17180000257 68719739905 274873450497
2166706664 7 25 73 281 1057 4177 16513 65825 262657 1049665 4196353 16781441 67117057 268452097 1073774593 4295033345 17180000257 68719739905 274873450497
2166719061 5 21 77 265 1065 4161 16497 65825 262625 1049601 4196417 16781185 67117185 268451841 1073774337 4295033345 17179999745 68719738881 274883412993
2166719865 5 21 77 265 1065 4161 16497 65825 262625 1049601 4196417 16781185 67117185 268451841 1073774337 4295033345 17179999745 68719738881 274883412993
2166724462 7 25 73 281 1057 4177 16513 65825 262657 1049665 4196353 16781441 67117057 268452097 1073774593 4295033345 17180000257 68719739905 274873450497
2166729403 7 25 73 281 1057 4177 16513 65825 262657 1049665 4196353 16781441 67117057 268452097 1073774593 4295033345 17180000257 68719739905 274873450497
2166742869 7 25 73 281 1057 4177 16513 65825 262657 1049665 4196353 16781441 67117057 268452097 1073774593 4295033345 17180000257 68719739905 274873450497
2166744301 5 21 77 265 1065 4161 16497 65825 262625 1049601 4196417 16781185 67117185 268451841 1073774337 4295033345 17179999745 68719738881 274883412993
2167671821 6 26 66 290 1026 4226 16386 66050 262146 1050626 4194306 16785410 67108866 268468226 1073741826 4295098370 17179869186 68720001026 274882887682
2167672737 6 26 66 290 1026 4226 16386 66050 262146 1050626 4194306 16785410 67108866 268468226 1073741826 4295098370 17179869186 68720001026 274882887682
2167673838 6 26 66 290 1026 4226 16386 66050 262146 1050626 4194306 16785410 67108866 268468226 1073741826 4295098370 17179869186 68720001026 274882887682
2167675257 6 26 66 290 1026 4226 16386 66050 262146 1050626 4194306 16785410 67108866 268468226 1073741826 4295098370 17179869186 68720001026 274882887682
2167676493 6 26 66 290 1026 4226 16386 66050 262146 1050626 4194306 16785410 67108866 268468226 1073741826 4295098370 17179869186 68720001026 274882887682
2167677869 6 26 66 290 1026 4226 16386 66050 262146 1050626 4194306 16785410 67108866 268468226 1073741826 4295098370 17179869186 68720001026 274882887682
2167684397 6 26 66 290 1026 4226 16386 66050 262146 1050626 4194306 16785410 67108866 268468226 1073741826 4295098370 17179869186 68720001026 274882887682
2167685365 6 26 66 290 1026 4226 16386 66050 262146 1050626 4194306 16785410 67108866 268468226 1073741826 4295098370 17179869186 68720001026 274882887682
2167688561 8 18 68 274 1068 4170 16500 65762 262652 1049658 4196420 16781266 67116876 268451754 1073774868 4295033282 17180000156 68719737882 274883411172
2167697031 6 26 66 290 1026 4226 16386 66050 262146 1050626 4194306 16785410 67108866 268468226 1073741826 4295098370 17179869186 68720001026 274882887682
2167704961 6 26 66 290 1026 4226 16386 66050 262146 1050626 4194306 16785410 67108866 268468226 1073741826 4295098370 17179869186 68720001026 274872926210
2167707967 6 26 66 290 1026 4226 16386 66050 262146 1050626 4194306 16785410 67108866 268468226 1073741826 4295098370 17179869186 68720001026 274882887682
2167712291 8 18 68 274 1068 4170 16500 65762 262652 1049658 4196420 16781266 67116876 268451754 1073774868 4295033282 17180000156 68719737882 274883411172
2167713009 8 18 68 274 1068 4170 16500 65762 262652 1049658 4196420 16781266 67116876 268451754 1073774868 4295033282 17180000156 68719737882 274883411172
2167713327 6 26 66 290 1026 4226 16386 66050 262146 1050626 4194306 16785410 67108866 268468226 1073741826 4295098370 17179869186 68720001026 274882887682
2167719141 6 26 66 290 1026 4226 16386 66050 262146 1050626 4194306 16785410 67108866 268468226 1073741826 4295098370 17179869186 68720001026 274882887682
2167719337 6 26 66 290 1026 4226 16386 66050 262146 1050626 4194306 16785410 67108866 268468226 1073741826 4295098370 17179869186 68720001026 274882887682
2167725943 8 18 68 274 1068 4170 16500 65762 262652 1049658 4196420 16781266 67116876 268451754 1073774868 4295033282 17180000156 68719737882 274883411172
2167729199 6 26 66 290 1026 4226 16386 66050 262146 1050626 4194306 16785410 67108866 268468226 1073741826 4295098370 17179869186 68720001026 274882887682
2167731119 6 26 66 290 1026 4226 16386 66050 262146 1050626 4194306 16785410 67108866 268468226 1073741826 4295098370 17179869186 68720001026 274882887682
2168304660 8 18 68 274 1068 4170 16500 65762 262652 1049658 4196420 16781266 67116876 268451754 1073774868 4295033282 17180000156 68719737882 274883411172
2281725998 7 25 73 281 1057 4177 16513 65825 262657 1049665 4196353 16781441 67117057 268452097 1073774593 4295033345 17180000257 68719739905 274873450497
2282021586 7 25 73 281 1057 4177 16513 65825 262657 1049665 4196353 16781441 67117057 268452097 1073774593 4295033345 17180000257 68719739905 274873450497
2282025945 7 25 73 281 1057 4177 16513 65825 262657 1049665 4196353 16781441 67117057 268452097 1073774593 4295033345 17180000257 68719739905 274873450497
2282086609 5 21 77 265 1065 4161 16497 65825 262625 1049601 4196417 16781185 67117185 268451841 1073774337 4295033345 17179999745 68719738881 274883412993
2282242870 5 21 77 265 1065 4161 16497 65825 262625 1049601 4196417 16781185 67117185 268451841 1073774337 4295033345 17179999745 68719738881 274883412993
2282243334 7 25 73 281 1057 4177 16513 65825 262657 1049665 4196353 16781441 67117057 268452097 1073774593 4295033345 17180000257 68719739905 274873450497
2282243363 7 25 73 281 1057 4177 16513 65825 262657 1049665 4196353 16781441 67117057 268452097 1073774593 4295033345 17180000257 68719739905 274873450497
2282253043 7 25 73 281 1057 4177 16513 65825 262657 1049665 4196353 16781441 67117057 268452097 1073774593 4295033345 17180000257 68719739905 274873450497
2282253668 7 25 73 281 1057 4177 16513 65825 262657 1049665 4196353 16781441 67117057 268452097 1073774593 4295033345 17180000257 68719739905 274873450497
2282254316 7 25 73 281 1057 4177 16513 65825 262657 1049665 4196353 16781441 67117057 268452097 1073774593 4295033345 17180000257 68719739905 274873450497
2282375659 5 21 77 265 1065 4161 16497 65825 262625 1049601 4196417 16781185 67117185 268451841 1073774337 4295033345 17179999745 68719738881 274883412993
2282506748 7 25 73 281 1057 4177 16513 65825 262657 1049665 4196353 16781441 67117057 268452097 1073774593 4295033345 17180000257 68719739905 274873450497
2282508426 7 25 73 281 1057 4177 16513 65825 262657 1049665 4196353 16781441 67117057 268452097 1073774593 4295033345 17180000257 68719739905 274873450497
2282773934 6 26 66 290 1026 4226 16386 66050 262146 1050626 4194306 16785410 67108866 268468226 1073741826 4295098370 17179869186 68720001026 274882887682
2283029439 6 26 66 290 1026 4226 16386 66050 262146 1050626 4194306 16785410 67108866 268468226 1073741826 4295098370 17179869186 68720001026 274882887682
2283035397 6 26 66 290 1026 4226 16386 66050 262146 1050626 4194306 16785410 67108866 268468226 1073741826 4295098370 17179869186 68720001026 274882887682
2283041619 6 26 66 290 1026 4226 16386 66050 262146 1050626 4194306 16785410 67108866 268468226 1073741826 4295098370 17179869186 68720001026 274882887682
2283065503 4 26 64 290 1024 4226 16384 66050 262144 1050626 4194304 16785410 67108864 268468226 1073741824 4295098370 17179869184 68720001026 274882887680
2283065622 6 26 66 290 1026 4226 16386 66050 262146 1050626 4194306 16785410 67108866 268468226 1073741826 4295098370 17179869186 68720001026 274882887682
2283067159 6 26 66 290 1026 4226 16386 66050 262146 1050626 4194306 16785410 67108866 268468226 1073741826 4295098370 17179869186 68720001026 274882887682
2283068358 8 18 68 274 1068 4170 16500 65762 262652 1049658 4196420 16781266 67116876 268451754 1073774868 4295033282 17180000156 68719737882 274883411172
2283072149 4 26 64 290 1024 4226 16384 66050 262144 1050626 4194304 16785410 67108864 268468226 1073741824 4295098370 17179869184 68720001026 274882887680
2283072850 6 26 66 290 1026 4226 16386 66050 262146 1050626 4194306 16785410 67108866 268468226 1073741826 4295098370 17179869186 68720001026 274872926210
2283823804 5 21 77 265 1065 4161 16497 65825 262625 1049601 4196417 16781185 67117185 268451841 1073774337 4295033345 17179999745 68719738881 274883412993
2283882995 7 25 73 281 1057 4177 16513 65825 262657 1049665 4196353 16781441 67117057 268452097 1073774593 4295033345 17180000257 68719739905 274873450497
2284875435 6 26 66 290 1026 4226 16386 66050 262146 1050626 4194306 16785410 67108866 268468226 1073741826 4295098370 17179869186 68720001026 274882887682
2284877465 4 26 64 290 1024 4226 16384 66050 262144 1050626 4194304 16785410 67108864 268468226 1073741824 4295098370 17179869184 68720001026 274882887680
2284973384 6 26 66 290 1026 4226 16386 66050 262146 1050626 4194306 16785410 67108866 268468226 1073741826 4295098370 17179869186 68720001026 274872926210
2285403094 4 26 64 290 1024 4226 16384 66050 262144 1050626 4194304 16785410 67108864 268468226 1073741824 4295098370 17179869184 68720001026 274882887680
2285403881 6 26 66 290 1026 4226 16386 66050 262146 1050626 4194306 16785410 67108866 268468226 1073741826 4295098370 17179869186 68720001026 274882887682
2285921151 7 25 73 281 1057 4177 16513 65825 262657 1049665 4196353 16781441 67117057 268452097 1073774593 4295033345 17180000257 68719739905 274873450497
2285987187 5 21 77 265 1065 4161 16497 65825 262625 1049601 4196417 16781185 67117185 268451841 1073774337 4295033345 17179999745 68719738881 274883412993
2286187785 5 21 77 265 1065 4161 16497 65825 262625 1049601 4196417 16781185 67117185 268451841 1073774337 4295033345 17179999745 68719738881 274883412993
2286503799 7 25 73 281 1057 4177 16513 65825 262657 1049665 4196353 16781441 67117057 268452097 1073774593 4295033345 17180000257 68719739905 274873450497
2286740295 5 21 77 265 1065 4161 16497 65825 262625 1049601 4196417 16781185 67117185 268451841 1073774337 4295033345 17179999745 68719738881 274883412993
2287007383 6 26 66 290 1026 4226 16386 66050 262146 1050626 4194306 16785410 67108866 268468226 1073741826 4295098370 17179869186 68720001026 274872926210
2287007473 6 26 66 290 1026 4226 16386 66050 262146 1050626 4194306 16785410 67108866 268468226 1073741826 4295098370 17179869186 68720001026 274872926210
2287231273 6 26 66 290 1026 4226 16386 66050 262146 1050626 4194306 16785410 67108866 268468226 1073741826 4295098370 17179869186 68720001026 274882887682
2287231393 6 26 66 290 1026 4226 16386 66050 262146 1050626 4194306 16785410 67108866 268468226 1073741826 4295098370 17179869186 68720001026 274872926210
2287259964 4 26 64 290 1024 4226 16384 66050 262144 1050626 4194304 16785410 67108864 268468226 1073741824 4295098370 17179869184 68720001026 274882887680
2287389604 8 18 68 274 1068 4170 16500 65762 262652 1049658 4196420 16781266 67116876 268451754 1073774868 4295033282 17180000156 68719737882 274883411172
2287391485 6 26 66 290 1026 4226 16386 66050 262146 1050626 4194306 16785410 67108866 268468226 1073741826 4295098370 17179869186 68720001026 274882887682
2288016373 5 21 77 265 1065 4161 16497 65825 262625 1049601 4196417 16781185 67117185 268451841 1073774337 4295033345 17179999745 68719738881 274883412993
2288043699 7 25 73 281 1057 4177 16513 65825 262657 1049665 4196353 16781441 67117057 268452097 1073774593 4295033345 17180000257 68719739905 274873450497
2289065567 6 26 66 290 1026 4226 16386 66050 262146 1050626 4194306 16785410 67108866 268468226 1073741826 4295098370 17179869186 68720001026 274872926210
2289692239 6 26 66 290 1026 4226 16386 66050 262146 1050626 4194306 16785410 67108866 268468226 1073741826 4295098370 17179869186 68720001026 274882887682
2290149372 7 25 73 281 1057 4177 16513 65825 262657 1049665 4196353 16781441 67117057 268452097 1073774593 4295033345 17180000257 68719739905 274873450497
2290241501 7 25 73 281 1057 4177 16513 65825 262657 1049665 4196353 16781441 67117057 268452097 1073774593 4295033345 17180000257 68719739905 274873450497
2290284351 5 21 77 265 1065 4161 16497 65825 262625 1049601 4196417 16781185 67117185 268451841 1073774337 4295033345 17179999745 68719738881 274883412993
2290285899 5 21 77 265 1065 4161 16497 65825 262625 1049601 4196417 16781185 67117185 268451841 1073774337 4295033345 17179999745 68719738881 274883412993
2290631639 5 21 77 265 1065 4161 16497 65825 262625 1049601 4196417 16781185 67117185 268451841 1073774337 4295033345 17179999745 68719738881 274883412993
2290639337 7 25 73 281 1057 4177 16513 65825 262657 1049665 4196353 16781441 67117057 268452097 1073774593 4295033345 17180000257 68719739905 274873450497
2290763066 7 25 73 281 1057 4177 16513 65825 262657 1049665 4196353 16781441 67117057 268452097 1073774593 4295033345 17180000257 68719739905 274873450497
2290768303 7 25 73 281 1057 4177 16513 65825 262657 1049665 4196353 16781441 67117057 268452097 1073774593 4295033345 17180000257 68719739905 274873450497
2290770476 7 25 73 281 1057 4177 16513 65825 262657 1049665 4196353 16781441 67117057 268452097 1073774593 4295033345 17180000257 68719739905 274873450497
2290776877 7 25 73 281 1057 4177 16513 65825 262657 1049665 4196353 16781441 67117057 268452097 1073774593 4295033345 17180000257 68719739905 274873450497
2290798353 7 25 73 281 1057 4177 16513 65825 262657 1049665 4196353 16781441 67117057 268452097 1073774593 4295033345 17180000257 68719739905 274873450497
2290798511 5 21 77 265 1065 4161 16497 65825 262625 1049601 4196417 16781185 67117185 268451841 1073774337 4295033345 17179999745 68719738881 274883412993
2290809756 7 25 73 281 1057 4177 16513 65825 262657 1049665 4196353 16781441 67117057 268452097 1073774593 4295033345 17180000257 68719739905 274873450497
2290810754 7 25 73 281 1057 4177 16513 65825 262657 1049665 4196353 16781441 67117057 268452097 1073774593 4295033345 17180000257 68719739905 274873450497
2291224888 6 26 66 290 1026 4226 16386 66050 262146 1050626 4194306 16785410 67108866 268468226 1073741826 4295098370 17179869186 68720001026 274882887682
2291230830 6 26 66 290 1026 4226 16386 66050 262146 1050626 4194306 16785410 67108866 268468226 1073741826 4295098370 17179869186 68720001026 274882887682
2291263671 6 26 66 290 1026 4226 16386 66050 262146 1050626 4194306 16785410 67108866 268468226 1073741826 4295098370 17179869186 68720001026 274882887682
2291355309 6 26 66 290 1026 4226 16386 66050 262146 1050626 4194306 16785410 67108866 268468226 1073741826 4295098370 17179869186 68720001026 274872926210
2291389519 4 26 64 290 1024 4226 16384 66050 262144 1050626 4194304 16785410 67108864 268468226 1073741824 4295098370 17179869184 68720001026 274882887680
2291397311 4 26 64 290 1024 4226 16384 66050 262144 1050626 4194304 16785410 67108864 268468226 1073741824 4295098370 17179869184 68720001026 274882887680
2291681002 6 26 66 290 1026 4226 16386 66050 262146 1050626 4194306 16785410 67108866 268468226 1073741826 4295098370 17179869186 68720001026 274882887682
2291752177 6 26 66 290 1026 4226 16386 66050 262146 1050626 4194306 16785410 67108866 268468226 1073741826 4295098370 17179869186 68720001026 274882887682
2291876910 6 26 66 290 1026 4226 16386 66050 262146 1050626 4194306 16785410 67108866 268468226 1073741826 4295098370 17179869186 68720001026 274882887682
2291880553 6 26 66 290 1026 4226 16386 66050 262146 1050626 4194306 16785410 67108866 268468226 1073741826 4295098370 17179869186 68720001026 274882887682
2292203693 7 25 73 281 1057 4177 16513 65825 262657 1049665 4196353 16781441 67117057 268452097 1073774593 4295033345 17180000257 68719739905 274873450497
2292277296 7 25 73 281 1057 4177 16513 65825 262657 1049665 4196353 16781441 67117057 268452097 1073774593 4295033345 17180000257 68719739905 274873450497
2292308124 7 25 73 281 1057 4177 16513 65825 262657 1049665 4196353 16781441 67117057 268452097 1073774593 4295033345 17180000257 68719739905 274873450497
2292736270 5 21 77 265 1065 4161 16497 65825 262625 1049601 4196417 16781185 67117185 268451841 1073774337 4295033345 17179999745 68719738881 274883412993
2293001774 5 21 77 265 1065 4161 16497 65825 262625 1049601 4196417 16781185 67117185 268451841 1073774337 4295033345 17179999745 68719738881 274883412993
2293320298 6 26 66 290 1026 4226 16386 66050 262146 1050626 4194306 16785410 67108866 268468226 1073741826 4295098370 17179869186 68720001026 274882887682
2293364317 8 18 68 274 1068 4170 16500 65762 262652 1049658 4196420 16781266 67116876 268451754 1073774868 4295033282 17180000156 68719737882 274883411172
2293522612 6 26 66 290 1026 4226 16386 66050 262146 1050626 4194306 16785410 67108866 268468226 1073741826 4295098370 17179869186 68720001026 274882887682
2293584609 6 26 66 290 1026 4226 16386 66050 262146 1050626 4194306 16785410 67108866 268468226 1073741826 4295098370 17179869186 68720001026 274872926210
2293586933 6 26 66 290 1026 4226 16386 66050 262146 1050626 4194306 16785410 67108866 268468226 1073741826 4295098370 17179869186 68720001026 274872926210
2293612963 8 18 68 274 1068 4170 16500 65762 262652 1049658 4196420 16781266 67116876 268451754 1073774868 4295033282 17180000156 68719737882 274883411172
2293620901 8 18 68 274 1068 4170 16500 65762 262652 1049658 4196420 16781266 67116876 268451754 1073774868 4295033282 17180000156 68719737882 274883411172
2293784169 6 26 66 290 1026 4226 16386 66050 262146 1050626 4194306 16785410 67108866 268468226 1073741826 4295098370 17179869186 68720001026 274882887682
2293821264 8 18 68 274 1068 4170 16500 65762 262652 1049658 4196420 16781266 67116876 268451754 1073774868 4295033282 17180000156 68719737882 274883411172
2294039845 8 18 68 274 1068 4170 16500 65762 262652 1049658 4196420 16781266 67116876 268451754 1073774868 4295033282 17180000156 68719737882 274883411172
2294046226 4 26 64 290 1024 4226 16384 66050 262144 1050626 4194304 16785410 67108864 268468226 1073741824 4295098370 17179869184 68720001026 274882887680
2294046323 4 26 64 290 1024 4226 16384 66050 262144 1050626 4194304 16785410 67108864 268468226 1073741824 4295098370 17179869184 68720001026 274882887680
2294047479 6 26 66 290 1026 4226 16386 66050 262146 1050626 4194306 16785410 67108866 268468226 1073741826 4295098370 17179869186 68720001026 274882887682
2294048377 6 26 66 290 1026 4226 16386 66050 262146 1050626 4194306 16785410 67108866 268468226 1073741826 4295098370 17179869186 68720001026 274882887682
2294049077 4 26 64 290 1024 4226 16384 66050 262144 1050626 4194304 16785410 67108864 268468226 1073741824 4295098370 17179869184 68720001026 274882887680
2294049563 4 26 64 290 1024 4226 16384 66050 262144 1050626 4194304 16785410 67108864 268468226 1073741824 4295098370 17179869184 68720001026 274882887680
2298505532 7 25 73 281 1057 4177 16513 65825 262657 1049665 4196353 16781441 67117057 268452097 1073774593 4295033345 17180000257 68719739905 274873450497
2298610549 7 25 73 281 1057 4177 16513 65825 262657 1049665 4196353 16781441 67117057 268452097 1073774593 4295033345 17180000257 68719739905 274873450497
2298669495 7 25 73 281 1057 4177 16513 65825 262657 1049665 4196353 16781441 67117057 268452097 1073774593 4295033345 17180000257 68719739905 274873450497
2298765691 5 21 77 265 1065 4161 16497 65825 262625 1049601 4196417 16781185 67117185 268451841 1073774337 4295033345 17179999745 68719738881 274883412993
2298772058 5 21 77 265 1065 4161 16497 65825 262625 1049601 4196417 16781185 67117185 268451841 1073774337 4295033345 17179999745 68719738881 274883412993
2298772345 5 21 77 265 1065 4161 16497 65825 262625 1049601 4196417 16781185 67117185 268451841 1073774337 4295033345 17179999745 68719738881 274883412993
2298807484 5 21 77 265 1065 4161 16497 65825 262625 1049601 4196417 16781185 67117185 268451841 1073774337 4295033345 17179999745 68719738881 274883412993
2298855261 5 21 77 265 1065 4161 16497 65825 262625 1049601 4196417 16781185 67117185 268451841 1073774337 4295033345 17179999745 68719738881 274883412993
2299317963 5 21 77 265 1065 4161 16497 65825 262625 1049601 4196417 16781185 67117185 268451841 1073774337 4295033345 17179999745 68719738881 274883412993
2299346032 5 21 77 265 1065 4161 16497 65825 262625 1049601 4196417 16781185 67117185 268451841 1073774337 4295033345 17179999745 68719738881 274883412993
2299366307 7 25 73 281 1057 4177 16513 65825 262657 1049665 4196353 16781441 67117057 268452097 1073774593 4295033345 17180000257 68719739905 274873450497
2299559866 8 18 68 274 1068 4170 16500 65762 262652 1049658 4196420 16781266 67116876 268451754 1073774868 4295033282 17180000156 68719737882 274883411172
2299665909 6 26 66 290 1026 4226 16386 66050 262146 1050626 4194306 16785410 67108866 268468226 1073741826 4295098370 17179869186 68720001026 274872926210
2299708237 6 26 66 290 1026 4226 16386 66050 262146 1050626 4194306 16785410 67108866 268468226 1073741826 4295098370 17179869186 68720001026 274882887682
2299713661 6 26 66 290 1026 4226 16386 66050 262146 1050626 4194306 16785410 67108866 268468226 1073741826 4295098370 17179869186 68720001026 274872926210
2299817271 6 26 66 290 1026 4226 16386 66050 262146 1050626 4194306 16785410 67108866 268468226 1073741826 4295098370 17179869186 68720001026 274872926210
2299993873 6 26 66 290 1026 4226 16386 66050 262146 1050626 4194306 16785410 67108866 268468226 1073741826 4295098370 17179869186 68720001026 274882887682
2299997211 6 26 66 290 1026 4226 16386 66050 262146 1050626 4194306 16785410 67108866 268468226 1073741826 4295098370 17179869186 68720001026 274872926210
2300633847 7 25 73 281 1057 4177 16513 65825 262657 1049665 4196353 16781441 67117057 268452097 1073774593 4295033345 17180000257 68719739905 274873450497
2300741626 7 25 73 281 1057 4177 16513 65825 262657 1049665 4196353 16781441 67117057 268452097 1073774593 4295033345 17180000257 68719739905 274873450497
2300773725 7 25 73 281 1057 4177 16513 65825 262657 1049665 4196353 16781441 67117057 268452097 1073774593 4295033345 17180000257 68719739905 274873450497
2300841033 7 25 73 281 1057 4177 16513 65825 262657 1049665 4196353 16781441 67117057 268452097 1073774593 4295033345 17180000257 68719739905 274873450497
2300874107 5 21 77 265 1065 4161 16497 65825 262625 1049601 4196417 16781185 67117185 268451841 1073774337 4295033345 17179999745 68719738881 274883412993
2300954419 5 21 77 265 1065 4161 16497 65825 262625 1049601 4196417 16781185 67117185 268451841 1073774337 4295033345 17179999745 68719738881 274883412993
2301928575 6 26 66 290 1026 4226 16386 66050 262146 1050626 4194306 16785410 67108866 268468226 1073741826 4295098370 17179869186 68720001026 274872926210
2301932821 4 26 64 290 1024 4226 16384 66050 262144 1050626 4194304 16785410 67108864 268468226 1073741824 4295098370 17179869184 68720001026 274882887680
2301932831 4 26 64 290 1024 4226 16384 66050 262144 1050626 4194304 16785410 67108864 268468226 1073741824 4295098370 17179869184 68720001026 274882887680
2301959098 4 26 64 290 1024 4226 16384 66050 262144 1050626 4194304 16785410 67108864 268468226 1073741824 4295098370 17179869184 68720001026 274882887680
2301959842 6 26 66 290 1026 4226 16386 66050 262146 1050626 4194306 16785410 67108866 268468226 1073741826 4295098370 17179869186 68720001026 274872926210
2302264245 8 18 68 274 1068 4170 16500 65762 262652 1049658 4196420 16781266 67116876 268451754 1073774868 4295033282 17180000156 68719737882 274883411172
2302265099 4 26 64 290 1024 4226 16384 66050 262144 1050626 4194304 16785410 67108864 268468226 1073741824 4295098370 17179869184 68720001026 274882887680
2302370906 6 26 66 290 1026 4226 16386 66050 262146 1050626 4194306 16785410 67108866 268468226 1073741826 4295098370 17179869186 68720001026 274882887682
2685495359 4 26 64 290 1024 4226 16384 66050 262144 1050626 4194304 16785410 67108864 268468226 1073741824 4295098370 17179869184 68720001026 274882887680
2685755817 6 26 66 290 1026 4226 16386 66050 262146 1050626 4194306 16785410 67108866 268468226 1073741826 4295098370 17179869186 68720001026 274872926210
2686310591 4 26 64 290 1024 4226 16384 66050 262144 1050626 4194304 16785410 67108864 268468226 1073741824 4295098370 17179869184 68720001026 274882887680
2687392681 5 21 77 265 1065 4161 16497 65825 262625 1049601 4196417 16781185 67117185 268451841 1073774337 4295033345 17179999745 68719738881 274883412993
2688178002 6 26 66 290 1026 4226 16386 66050 262146 1050626 4194306 16785410 67108866 268468226 1073741826 4295098370 17179869186 68720001026 274872926210
2700899322 6 26 66 290 1026 4226 16386 66050 262146 1050626 4194306 16785410 67108866 268468226 1073741826 4295098370 17179869186 68720001026 274882887682
